-0.18741721087157026	1.3948312494114694
0.6226718573040869	-1.0338288468248276
0.7086737176286052	1.1618885057348747
-0.21193363368199936	0.15104619131634062
-2.037025493947757	-0.19252656569737342
-0.02000972619321512	-0.3863544048514329
0.9899461194359368	-1.1492906713795423
0.9182813130240185	2.8818568577743746
0.24527155513018128	0.584823761661014
-0.9305578051504699	0.054154628006866906
1.0270175727646333	-0.03634699683551504
-2.7681356166182955	1.3028250955842993
-0.031318717911411595	1.2409194069206417
-0.47204782501018455	-0.20835563544560984
0.1900702585343553	0.12634137261889067
-2.2232022380794216	0.3181750016840134
-1.287037416426503	-0.615314620542886
0.04794231215761671	-0.8297816220326322
0.21066162785728676	1.6850873443776202
0.3960771795725331	-0.18035835765754918
-0.4925377091352558	0.0010304459658365768
1.0145950990783403	-0.7539378618412035
-0.6159541273726293	-0.6123599306244396
0.5407156263094315	1.3215216145792266
-1.2600462950978866	-1.0918818017585354
-0.4823045627778855	-1.8592610646329188
1.4977653035198308	-0.10922018229151968
0.1945850819953311	-0.40275989408265483
-1.2685680403960917	1.0213779643151963
-0.5483782148745014	0.4621137432964206
0.48613262593189716	0.3825242011880781
-0.0011545775063258783	1.3880594634162235
-0.17040019226940792	-0.4367499292916043
-1.4485595791621555	0.6763373283084971
0.013516549154014566	-1.2260777463451105
-0.35099612979945916	0.6742983258178205
0.8113080087208887	-1.5499096051494319
-0.007387199841271444	-0.8765631393258566
0.3935116278479344	0.10881815328315299
0.8375695696239402	-1.0689740889347439
1.2725340995858938	1.118125447450942
-0.8945184868704424	-0.7403789700382922
1.716991867901836	-0.7789090836421855
0.13364580376025617	-0.5697268076836064
0.8494099215083204	-0.9082752493983859
-0.8181615645397966	-0.5469981477562984
-1.3388291492919189	-0.7884957935700073
1.0032309221527267	1.9984663535219043
0.7733486466326048	-1.0637516377533054
-2.6872749188826246	2.0459391863336354
0.45027278100128754	0.8193361709449747
-0.2987286116987205	-0.10702038534561226
-0.7120159215769312	-0.0833516660329661
0.27634579627003397	-1.8221611422919453
-0.24518575391624137	-1.374950286910241
1.889456661931496	0.8707622604433175
0.4931805119951525	0.04320780196942625
1.8017214278388933	-0.4891489105284637
-0.43042775707079517	0.7501699940551569
0.9135948214790575	0.8532784453777192
-0.4383726809145414	1.0500604914057854
-0.957440430886802	1.3323678774994818
-2.8897012158396933	1.5810007330033113
0.5744066631115242	0.8117291815575477
0.9149750360979737	0.3363341525913705
-0.7400998243879686	0.8924188966272998
1.0648644024983733	0.002870367770568817
-0.8892674660618568	-0.9060223732295113
1.5877605194734918	0.22071670093925072
0.18993288547540405	0.9458463103657228
0.8830704453983499	-1.6059754022918353
-0.368819356852709	-1.3607440316207704
-0.20800798941127746	-0.11432798592174634
0.4105979847407025	1.7540700096278854
-1.4599861609608389	2.37680471347998
0.737566311774521	-1.4812733791436776
0.9533949644433024	-0.9214560069207367
-1.0298389253818014	-0.17020235091328006
0.4088410422085545	-0.932694955909153
0.9204727939045246	2.2900358097132827
0.44109258215092695	0.3083356362396897
-1.4259772957008265	0.7970495141190017
-0.08614686069524193	-0.8328758296561501
1.410043276622803	-0.26301938648719914
0.01985705607861877	1.7968706800303107
-1.3750220095815318	-0.33230349908435325
-1.610016977863971	-0.8152796991436375
-0.7243927898443361	-0.467287015884673
-1.226344806180211	0.29041568425855707
-2.107250725205151	0.18500704436714044
-1.3371699447230774	1.2676331394711813
-0.813000560066375	-0.220773088176022
-1.2297690163088018	-0.21101418115731316
0.10482503239304472	0.9575518262868636
1.0355080111505108	-0.8135102330543967
0.46802014915750073	-0.44273871424175854
0.1586680584143762	-1.1377498034205868
1.2128014645428133	0.5411794107299756
-0.24426385926006797	-1.7374968237856228
1.0025823211146616	1.7916074904811246
-0.016485495746115054	-0.21417908578323253
0.3520737867475263	0.6320673642049605
0.8603086568324241	-0.9361561538453387
-0.08637486810210046	-1.1909572219071485
-1.0618578324948391	0.6101944526348857
0.049847579407206535	-0.11169948932577795
1.759332749975551	0.1323546627779341
0.5402409132801544	1.0132365266877221
1.0477816119359549	0.6596218223912378
1.3487913850961668	0.07505173491863437
0.761343099877452	-0.38522424616862816
1.5707001277088608	0.11031339360254577
-0.7313740995100566	0.8213189799525791
1.574434554944417	-0.19440543315406192
-0.2976972857188105	1.4671827216619302
0.9702023539995306	-1.080176861457769
-0.7819611476544279	-0.12266693838101479
-0.39392378384367044	0.7172932106646825
1.2954176831048083	-2.2706965955190497
-0.48457589086359404	2.15540777351873
-0.717319352312995	-1.413467555727203
0.0379860445539653	0.678525095032643
1.4394945519330062	0.46705406647904985
1.3653509770623595	-1.2779274570788253
-2.408167218411235	-1.1747984000974936
-1.4922059097087834	0.532221158997797
0.26625326314600917	-0.5200161050692506
-0.3331274642581321	1.4762671917597914
-0.1740107315564564	0.41564675914117444
1.6149566181926727	1.304396662857052
-0.5864940954711058	0.5477938452467123
1.1837718778273614	1.1292311882503718
-0.8431838282998072	-0.09722346623536174
0.8086114141096252	2.3239080037745463
-0.08923840346885813	-0.6187509819296025
-0.17455369395661183	1.5052906415852247
0.13344616049528993	0.5859874826033704
0.8046121745671738	-0.9219163379353197
-0.6136828000831406	1.3266324898681598
-0.9599325400962923	-1.549300600336848
0.9694886900064665	-1.0383733155559143
-0.9536241388376748	-0.5542432305577182
1.558071819067337	0.17735976823767965
-0.7836855379033791	0.44177062873861345
1.7324414654870666	-0.2144294914160545
0.8468177861072559	1.0917604828640846
-1.873055737383513	-1.1945367170992702
-0.07515465119531292	0.26993510813632876
-0.9705008727971928	1.1961078901516577
-0.5274453875553937	1.5105818014563988
